              precision    recall  f1-score   support

          10     1.0000    1.0000    1.0000         7
         100     1.0000    1.0000    1.0000        14
          20     1.0000    1.0000    1.0000        12
         200     1.0000    1.0000    1.0000        15
        2000     1.0000    1.0000    1.0000        11
          50     1.0000    0.9231    0.9600        13
         500     1.0000    0.9091    0.9524        11
  Background     0.8000    1.0000    0.8889         8

    accuracy                         0.9780        91
   macro avg     0.9750    0.9790    0.9752        91
weighted avg     0.9824    0.9780    0.9788        91
